38
828
29
368
175
505
496
865
572
172
909
664
503
823
288
881
532
93
484
322
544
957
368
27
740
325
666
498
858
749
398
515
584
509
734
729
195
455
519
150
782
166
496
260
622
458
256
535
92
562
853
728
539
672
861
552
911
557
859
453
161
238
612
434
608
237
934
704
676
394
648
450
990
94
469
694
942
632
618
644
152
245
551
242
505
802
664
37
209
404
919
608
219
349
268
386
879
556
325
649
611
89
367
940
923
261
265
781
402
887
453
497
373
382
459
718
730
337
465
378
64
983
597
451
973
689
488
358
432
207
545
958
188
771
838
909
631
594
773
274
9
269
534
226
913
113
267
480
661
836
635
807
573
492
802
442
49
988
750
579
335
594
902
843
869
104
788
406
307
27
711
844
50
246
951
111
958
346
881
277
715
50
108
859
425
563
733
961
60
120
131
803
161
526
709
991
611
292
551
541
901
71
984
906
939
672
727
94
136
811
846
103
756
322
239
840
422
660
36
741
998
385
530
785
163
902
311
680
460
665
683
243
544
165
907
573
846
976
797
555
874
268
942
991
918
38
586
422
46
926
752
61
723
287
965
150
598
466
412
881
225
543
948
654
35
389
874
389
747
742
230
924
173
831
411
771
341
892
856
132
683
150
411
550
552
773
741
908
464
401
944
96
559
318
945
619
465
880
733
590
101
22
85
456
189
76
330
228
338
553
969
228
401
991
463
985
499
989
539
133
340
730
416
925
71
380
566
757
734
382
905
194
891
259
414
4
546
346
646
933
588
261
900
18
228
717
100
718
240
413
290
152
310
634
23
625
201
398
466
799
222
383
907
124
46
690
299
997
184
556
592
500
463
153
259
723
997
556
644
681
953
367
470
129
80
545
673
844
599
63
738
154
86
50
81
214
389
288
150
634
114
735
891
443
409
414
879
528
128
212
169
355
365
552
132
711
355
648
426
758
243
189
153
992
975
923
452
202
376
744
902
861
974
152
124
194
258
729
224
598
175
576
459
883
7
368
163
77
902
428
547
88
589
408
613
41
48
458
820
699
550
201
638
46
721
425
516
912
750
963
758
439
456
512
234
440
145
524
404
55
365
99
610
224
581
331
747
782
120
431
146
100
514
186
726
39
176
849
830
204
