745
893
243
130
226
351
288
928
52
593
163
839
168
503
1000
356
48
214
398
334
230
937
684
963
438
941
6
611
802
233
933
764
827
574
793
330
224
313
585
830
291
403
863
615
992
204
828
676
249
476
400
600
801
106
822
842
355
431
573
701
743
758
390
430
957
573
850
277
623
589
964
86
501
522
91
905
885
439
782
149
620
261
446
844
197
304
484
338
799
988
160
237
703
376
974
973
644
861
402
632
986
560
934
721
485
640
888
199
396
993
403
659
902
996
654
109
37
619
568
962
747
663
524
260
962
541
31
697
520
60
891
331
230
114
311
229
652
67
276
282
881
445
756
604
784
114
979
849
51
467
326
631
231
580
604
600
449
36
514
408
109
460
451
552
806
701
873
53
220
460
959
791
452
334
60
741
507
200
428
169
752
369
942
18
830
627
539
651
727
95
878
15
295
180
927
69
582
638
652
865
56
817
529
695
213
544
703
957
445
86
58
630
797
692
346
947
521
954
74
208
776
915
783
296
152
848
785
271
228
322
830
823
571
572
287
700
797
442
447
466
280
676
904
909
748
261
690
132
124
191
146
586
74
823
723
926
493
655
891
539
283
976
37
327
974
366
310
121
916
136
333
898
500
616
584
699
30
528
33
828
340
847
247
582
938
48
54
21
682
599
115
797
618
71
70
137
789
93
238
244
105
859
699
734
651
517
327
662
118
148
20
965
971
124
468
657
291
755
559
428
268
754
899
729
407
939
256
534
955
268
251
928
69
300
592
204
636
799
502
651
796
234
601
113
516
838
921
499
278
653
918
510
975
198
112
298
397
421
312
694
92
403
296
307
106
594
283
156
1
284
551
871
43
905
131
834
801
918
138
505
405
174
576
607
215
520
990
490
695
412
35
293
802
347
84
512
367
740
525
805
817
190
124
821
638
17
896
516
545
607
761
856
383
85
734
332
840
372
829
177
130
880
45
687
734
438
380
980
399
441
157
327
315
895
248
311
409
709
144
872
84
462
31
754
701
215
680
558
851
559
902
420
359
489
256
930
467
255
432
703
403
182
857
585
374
222
219
523
434
742
71
848
680
137
859
200
608
544
163
6
772
765
422
57
586
175
729
535
254
918
759
888
69
184
738
697
777
502
426
612
856
671
524
299
704
382
568
888
843
899
940
816
2
4
88
261
23
425
342
542
927
299
339
860
341
139
508
857
385
696
628
451
474
950
84
280
448
588
878
470
438
747
468
861
467
499
488
230
86
68
889
234
862
712
873
939
140
394
981
645
897
483
15
623
232
528
725
608
589
434
245
429
11
609
958
96
36
887
247
9
815
141
880
96
353
594
586
668
649
434
140
752
242
651
858
85
973
32
836
836
50
546
944
322
807
602
790
800
50
284
654
490
973
749
568
299
257
887
447
816
99
860
28
900
900
525
121
178
707
832
35
758
958
343
639
344
217
787
724
279
583
422
93
25
492
279
340
288
171
400
698
204
667
444
434
176
194
617
270
560
945
715
680
960
776
608
949
60
269
987
773
476
681
417
381
214
383
30
473
334
976
556
847
409
463
827
992
524
926
740
568
969
825
960
647
380
477
912
15
157
472
543
60
659
890
110
438
281
986
609
254
133
546
828
838
834
204
545
875
122
857
900
218
77
475
836
470
414
503
126
133
871
603
266
865
59
458
723
339
402
527
895
779
70
279
380
865
420
240
598
480
899
935
818
709
744
900
66
336
5
829
508
367
227
535
290
69
85
69
410
124
444
899
354
121
570
876
349
42
143
77
741
457
669
700
572
629
878
663
876
468
142
69
715
308
672
653
532
716
505
488
498
936
390
118
241
685
840
971
216
761
585
403
511
496
652
744
302
90
826
390
776
180
110
906
877
1000
865
37
545
998
512
874
71
988
923
565
432
338
721
14
375
923
547
474
497
309
951
982
514
993
456
427
214
194
833
727
530
830
512
552
214
588
143
53
684
609
220
407
630
556
128
170
1
419
489
160
667
18
120
953
976
31
494
863
243
835
814
629
3
380
905
681
379
632
244
572
982
850
284
683
359
987
84
251
812
85
532
801
739
142
438
351
479
588
146
906
641
163
566
932
784
686
467
261
570
249
320
911
886
795
926
179
518
628
914
664
390
741
818
601
85
923
54
528
119
381
813
245
885
713
379
249
253
768
50
686
621
747
978
384
261
878
807
462
91
565
188
532
356
315
727
516
791
205
679
53
802
679
947
92
909
510
615
317
78
851
145
371
623
998
518
991
227
399
697
65
748
421
812
380
320
987
719
414
99
735
638
74
121
982
497
23
54
141
894
466
561
495
68
898
289
270
595
476
369
656
939
621
283
206
440
28
877
611
204
520
54
863
443
549
567
681
372
79
457
48
739
39
955
743
938
514
241
260
759
994
357
753
111
598
431
731
262
95
451
641
133
453
653
827
309
403
885
701
242
760
291
278
7
375
437
305
291
243
937
861
398
480
565
490
270
990
184
862
33
332
749
645
170
953
544
252
579
916
896
483
443
312
56
754
132
356
396
886
22
845
289
251
489
730
203
217
977
594
305
968
896
191
2
712
868
119
40
599
605
517
8
689
947
874
114
355
242
561
613
301
799
796
782
352
55
709
993
163
114
913
482
852
810
187
248
55
609
778
512
28
991
501
332
174
626
576
751
154
357
144
851
338
276
7
802
498
538
871
723
669
179
551
960
597
809
985
886
214
35
452
14
474
952
249
387
432
831
825
453
381
926
741
738
947
511
792
453
850
391
739
977
524
430
208
324
111
376
330
343
818
532
522
775
121
626
347
335
575
864
199
673
902
200
299
497
890
502
277
534
575
413
15
703
507
382
65
359
235
204
814
394
54
376
775
166
913
320
330
205
768
70
951
159
287
688
142
513
722
929
733
750
408
240
521
220
843
663
817
794
470
310
688
987
770
830
707
596
753
497
866
69
969
99
547
403
108
725
614
783
567
812
577
945
872
508
789
474
829
323
977
279
73
752
832
923
328
805
539
464
821
952
77
709
235
399
269
833
996
650
704
933
688
569
381
635
364
408
369
469
504
911
207
339
575
487
263
580
879
61
441
85
564
540
769
234
588
459
861
661
354
348
254
953
299
159
362
742
706
701
7
375
902
319
598
298
126
389
818
982
862
84
338
237
318
985
549
750
842
167
904
106
746
730
718
134
446
509
531
860
678
806
532
956
67
542
282
481
685
209
609
327
881
134
103
960
153
153
156
90
455
669
832
791
713
473
709
959
506
306
790
237
235
465
620
616
123
124
285
736
412
829
936
400
53
572
748
321
493
222
940
483
540
222
96
61
820
772
196
896
685
657
991
34
425
490
584
84
661
53
557
713
488
618
214
646
381
104
378
263
242
623
523
414
218
859
862
284
616
780
955
920
385
163
797
114
159
356
848
583
587
926
576
10
810
609
480
269
259
482
228
49
170
259
198
606
824
811
803
709
860
782
204
994
94
651
216
244
340
198
507
951
395
585
607
715
402
859
921
751
286
797
143
505
611
704
384
729
888
56
139
864
422
412
960
751
981
234
97
385
501
571
977
493
401
995
261
666
965
672
300
532
2
884
405
302
951
461
288
85
583
154
74
581
288
362
725
859
348
962
954
207
769
616
919
603
703
744
386
252
37
473
646
279
518
246
298
651
892
862
210
400
888
257
967
620
166
827
656
547
252
41
234
362
634
987
208
758
887
473
159
811
477
117
876
636
98
909
36
40
989
687
377
505
764
49
726
702
459
583
340
171
400
920
227
362
325
84
513
833
905
724
383
299
692
881
925
82
483
129
253
884
197
122
544
315
383
792
840
681
417
643
215
618
676
602
347
365
172
796
493
355
776
237
845
817
847
371
384
862
464
571
696
961
547
637
571
928
864
170
179
244
752
200
983
710
176
859
910
962
571
563
177
514
549
166
494
536
199
624
27
319
533
327
603
362
135
914
641
659
676
745
843
517
152
381
822
172
330
967
807
223
1000
64
426
405
401
112
425
614
989
220
355
267
292
189
23
450
244
869
529
915
974
586
119
927
594
884
425
608
71
925
643
105
701
396
85
215
249
227
704
755
548
554
631
986
635
601
910
571
336
958
440
602
721
679
213
82
275
868
560
465
431
774
654
658
162
433
506
376
481
343
778
384
712
481
730
938
518
904
219
874
83
466
22
809
180
166
182
692
214
299
769
502
910
58
437
573
566
824
127
301
3
952
767
752
139
350
152
497
809
633
689
640
730
860
627
181
574
164
907
78
339
581
476
806
531
228
710
149
659
634
230
183
167
150
203
955
16
958
26
972
298
526
863
897
190
661
942
976
108
179
747
50
72
490
850
998
5
543
862
910
846
879
747
118
510
169
832
929
170
884
388
383
272
868
742
448
710
945
175
245
641
809
854
399
116
81
361
829
215
792
655
27
786
923
493
835
132
760
926
833
260
214
523
398
480
994
605
945
491
438
773
745
443
54
88
798
656
33
558
720
111
217
812
139
882
924
13
378
168
541
102
40
934
972
361
645
68
208
40
470
151
992
428
956
725
581
541
706
6
783
927
9
825
768
998
228
920
642
106
269
764
806
105
470
220
923
321
858
260
879
189
760
32
643
567
377
213
793
146
490
13
187
486
839
142
733
692
35
489
972
113
744
639
595
499
568
427
77
291
562
634
931
978
94
662
603
474
357
476
672
960
90
798
591
913
102
294
52
505
769
283
226
332
454
738
510
383
906
966
629
133
619
384
992
287
707
536
194
690
51
185
46
886
840
119
411
121
573
950
257
990
350
209
666
974
623
64
374
167
232
53
902
794
374
833
754
622
395
360
89
342
549
461
646
514
815
98
464
590
188
612
52
576
843
500
440
150
29
757
797
294
116
376
829
842
666
961
944
113
649
481
67
898
498
772
61
263
652
134
639
385
766
653
382
301
341
919
457
443
455
946
220
883
20
342
767
343
619
454
11
600
602
650
343
494
702
888
56
99
650
765
988
126
365
677
376
864
292
134
673
203
869
752
420
1
150
274
873
602
322
285
436
904
926
506
628
720
24
575
47
423
468
23
66
924
535
367
364
152
150
351
336
785
487
465
132
887
675
836
657
984
980
251
625
729
499
850
191
125
3
153
535
511
386
311
4
816
639
449
245
804
824
853
468
971
842
79
238
818
406
467
952
966
766
575
916
496
167
326
297
559
68
69
167
948
812
711
971
999
988
151
959
531
75
312
896
835
3
641
804
246
65
264
103
484
419
382
887
421
284
49
220
240
30
703
8
611
409
249
653
321
104
536
165
884
667
848
763
808
633
711
689
321
532
874
55
501
433
905
631
984
586
841
469
546
180
635
963
535
480
794
93
881
4
512
679
566
479
321
602
914
683
947
100
512
111
546
689
148
778
400
899
308
62
220
83
951
17
115
13
217
12
643
517
246
194
91
369
8
603
479
309
745
840
263
515
447
342
840
983
627
182
124
580
329
269
551
181
679
56
35
287
78
901
847
396
170
431
417
729
407
952
912
952
347
291
887
211
131
521
906
403
216
79
934
603
378
665
793
334
693
204
959
712
167
443
633
930
530
627
681
924
153
406
313
694
891
491
806
327
550
389
897
677
829
111
280
768
217
35
437
937
263
570
360
27
501
828
259
46
247
661
330
660
14
719
392
34
407
717
922
985
984
897
866
801
555
419
128
655
864
275
841
71
379
269
153
631
317
960
499
739
13
606
577
808
655
879
903
153
193
791
61
390
300
735
105
793
783
533
254
71
626
25
63
130
451
673
857
499
49
314
642
787
290
498
819
596
537
331
412
795
344
463
368
680
568
652
492
399
478
67
412
970
781
730
766
757
844
771
979
112
397
493
259
37
975
727
148
148
705
381
77
411
143
799
931
5
651
679
254
844
294
27
94
798
712
784
624
826
36
406
250
481
881
281
600
27
156
834
195
830
339
672
53
735
500
944
290
377
114
965
433
85
717
507
329
754
837
254
535
436
158
601
938
108
900
551
428
153
248
448
533
355
774
882
735
407
605
642
128
497
311
579
944
427
34
930
925
359
260
787
512
563
685
93
873
943
97
846
910
12
524
651
386
650
763
576
632
279
840
427
632
834
271
401
555
444
91
745
33
430
38
976
523
910
384
885
256
910
895
399
626
568
895
215
4
881
236
245
641
305
826
884
946
391
802
158
626
699
86
532
889
264
235
840
496
153
231
658
563
292
623
716
281
413
363
782
136
903
290
500
784
678
150
697
130
946
887
516
680
977
126
753
828
782
191
429
15
326
135
451
573
793
420
533
926
900
545
902
52
809
335
229
823
349
166
29
956
681
861
940
681
918
257
886
921
301
74
768
85
729
448
652
170
532
634
15
471
887
115
443
660
295
951
695
207
555
880
558
753
895
842
131
190
154
29
10
597
610
919
734
302
496
259
733
117
747
810
746
338
585
469
88
829
686
268
970
184
300
412
237
196
706
181
523
297
463
926
216
2
907
681
515
523
103
997
359
626
394
8
546
510
247
46
842
49
317
784
973
587
779
728
651
665
939
536
399
671
441
133
440
548
396
399
752
523
491
89
251
448
638
710
993
933
93
954
163
971
598
241
71
301
814
77
355
133
159
63
702
87
617
174
652
499
285
831
819
939
1
641
8
107
107
368
240
347
250
388
422
641
788
270
844
741
827
183
66
611
702
112
96
598
813
815
90
732
904
453
71
242
732
41
425
541
954
209
117
647
109
984
249
607
817
831
490
761
916
901
215
548
785
195
747
476
584
261
85
299
918
471
270
763
773
22
880
799
325
670
297
930
282
169
746
478
654
967
314
77
792
366
586
184
77
154
827
301
384
651
818
767
375
190
647
4
283
639
593
326
989
124
736
157
435
833
360
77
557
274
133
700
486
183
102
202
135
324
951
533
248
438
670
548
610
864
381
749
157
59
340
818
378
973
606
339
928
899
851
257
286
780
702
493
968
477
995
491
504
769
389
454
133
759
566
649
799
221
858
905
293
726
340
273
171
665
536
830
268
177
432
476
786
131
52
628
30
137
695
516
543
809
794
502
277
120
887
971
943
639
91
75
183
32
725
145
636
790
567
378
822
305
320
785
504
261
733
163
922
223
84
74
770
818
741
759
962
467
787
423
944
2
982
571
347
558
300
160
666
685
793
349
251
346
329
928
757
289
607
767
847
902
596
69
219
870
415
662
784
248
555
230
7
767
22
394
253
205
663
915
7
747
800
908
975
120
519
822
638
954
947
967
68
438
321
135
135
806
525
945
989
410
372
227
447
267
460
433
260
134
420
507
325
685
444
436
794
816
753
790
502
556
631
98
246
616
305
767
268
40
297
557
970
690
718
560
534
876
394
459
209
758
547
358
701
110
7
598
660
581
910
637
526
260
52
732
165
281
260
548
542
789
870
788
970
181
931
46
241
9
672
905
573
156
503
568
189
325
717
553
143
381
397
577
20
578
933
107
733
971
609
720
303
460
49
386
362
288
817
451
807
791
283
69
55
638
425
906
418
155
540
938
661
395
259
848
946
377
68
182
576
186
292
462
347
319
460
236
28
659
159
803
409
328
747
747
174
118
175
628
842
511
166
715
908
219
871
212
837
860
524
478
890
66
510
621
734
230
22
139
770
970
387
994
327
138
385
563
634
542
315
160
153
137
710
465
114
701
180
804
514
549
208
785
527
572
423
722
74
595
862
449
653
304
608
279
800
797
955
445
457
600
843
32
188
944
948
453
811
929
673
373
406
439
679
466
954
355
340
896
546
750
125
454
75
664
704
919
661
691
854
468
459
807
825
191
26
57
143
172
626
30
473
679
115
237
290
173
324
802
300
776
553
555
731
774
901
139
795
190
29
128
134
129
936
274
943
639
873
368
237
188
546
256
306
16
588
963
850
8
635
360
115
541
417
518
887
150
435
60
382
723
96
668
297
599
152
437
13
230
264
512
216
347
748
414
56
391
475
826
304
822
566
55
261
590
480
199
240
781
618
145
717
402
463
708
402
15
75
592
447
927
95
376
546
112
905
634
906
631
15
317
112
630
61
674
478
306
517
708
814
316
312
345
667
862
762
876
872
173
851
960
771
876
68
647
325
641
880
374
767
169
520
628
714
307
264
917
616
94
628
193
777
865
334
136
766
319
253
201
70
552
404
751
488
385
62
214
544
411
901
57
444
538
135
541
858
199
156
62
662
19
292
974
765
244
683
138
630
858
900
349
487
680
705
461
365
281
77
445
166
399
921
512
915
92
994
97
314
786
603
466
299
134
296
167
318
110
833
972
219
707
40
617
670
38
4
143
863
277
532
523
568
334
414
415
984
58
397
792
595
310
902
94
320
887
658
685
474
142
951
883
438
835
326
368
795
100
952
2
296
49
443
790
914
534
805
563
751
10
477
251
308
967
209
521
226
568
999
132
955
124
187
647
129
82
660
28
986
540
374
707
948
383
693
603
776
592
377
851
226
797
997
282
711
665
415
499
950
954
733
385
41
583
565
356
881
625
625
296
75
294
235
346
849
161
158
509
604
162
636
844
783
265
315
184
448
327
280
932
400
380
593
69
206
724
576
201
844
424
545
528
186
82
465
31
435
558
639
35
710
170
594
609
773
57
855
385
400
326
556
296
367
350
631
665
993
945
351
193
920
289
551
920
91
258
428
578
900
219
968
434
785
526
332
432
718
917
891
135
120
894
654
41
505
895
386
293
235
201
381
595
269
623
805
104
730
649
475
933
97
600
234
33
580
843
557
840
205
622
175
290
19
702
953
750
757
543
283
245
287
964
231
538
206
435
143
376
794
813
904
541
818
709
44
146
234
247
171
236
276
952
347
298
405
303
758
360
125
618
356
363
69
868
458
78
905
282
614
662
201
960
666
542
869
558
22
483
808
737
573
9
719
450
660
754
805
30
780
568
77
252
134
565
541
69
989
252
316
301
43
528
257
409
948
920
122
592
360
720
524
261
494
856
725
200
158
371
863
685
635
142
80
877
421
488
461
516
272
232
900
909
604
366
599
669
895
88
540
429
618
559
226
105
10
60
323
780
336
620
993
649
540
233
740
889
860
598
655
916
434
290
632
296
623
48
995
207
608
348
718
28
67
928
88
333
527
247
543
781
522
932
148
417
281
599
37
64
323
99
171
372
40
710
642
175
63
407
464
203
870
598
24
900
453
59
107
999
867
616
27
323
464
100
571
326
451
578
75
58
301
522
562
242
913
826
445
983
579
235
811
452
250
956
143
513
972
649
615
470
578
912
377
229
424
274
445
628
535
386
874
301
401
518
62
232
119
99
891
34
840
508
114
491
600
91
979
654
462
864
263
824
329
942
245
958
511
565
994
771
314
58
45
813
413
385
524
893
406
605
95
336
145
245
379
271
216
634
800
209
897
746
537
970
565
218
858
862
314
327
841
493
52
779
427
280
334
367
795
39
727
873
286
657
232
622
76
967
610
384
31
858
604
848
505
8
920
411
733
152
816
910
778
758
406
702
566
585
345
705
161
2
563
547
551
695
928
945
904
605
927
117
341
37
539
738
182
427
99
304
781
537
770
639
894
61
176
417
740
893
26
138
425
765
525
755
170
673
619
7
741
992
129
361
192
715
178
987
17
40
805
860
567
755
520
586
191
504
51
57
336
631
892
674
686
696
800
661
520
332
935
247
512
741
255
846
539
911
351
936
928
588
102
367
276
267
227
2
894
454
579
316
995
984
965
667
727
335
523
274
719
779
82
222
204
625
726
835
19
203
470
379
341
64
762
403
675
552
52
308
966
932
379
618
563
831
958
76
889
563
195
222
706
597
587
969
582
100
167
103
147
672
640
373
163
390
800
400
756
296
641
886
210
481
113
133
65
80
627
412
639
857
764
977
782
936
740
254
720
694
774
748
319
511
774
573
954
172
908
753
287
628
463
130
550
970
443
591
111
200
163
37
273
231
359
135
999
514
388
250
365
400
927
496
610
5
588
778
658
529
826
963
314
798
286
15
95
329
306
19
163
444
767
682
715
460
920
989
933
462
905
387
604
561
846
285
664
603
657
310
332
189
101
287
355
536
991
29
710
906
866
120
956
441
876
865
356
632
865
21
77
377
150
35
783
328
818
174
677
876
758
230
359
364
268
338
87
452
455
30
638
60
170
685
555
7
289
377
147
75
461
371
825
538
818
461
15
5
167
366
719
160
279
645
288
322
156
388
896
888
394
676
253
950
625
207
110
566
275
72
159
50
681
782
808
266
896
608
15
345
534
628
447
812
145
975
834
341
617
304
90
522
826
764
948
334
390
151
334
554
551
161
118
399
832
186
501
127
865
767
565
390
491
887
906
499
530
910
579
776
662
470
220
603
185
198
862
126
646
438
613
738
304
43
836
370
662
896
275
998
835
792
657
544
387
823
596
782
988
789
853
486
874
334
206
495
32
828
265
678
794
682
651
238
478
937
242
210
273
776
332
604
185
88
309
231
910
937
32
594
44
425
522
841
626
256
905
768
563
898
369
338
619
87
376
188
811
724
675
914
821
549
16
95
515
953
844
936
974
373
321
784
213
960
931
366
345
693
717
801
594
98
560
44
758
660
600
227
714
725
345
33
844
771
510
707
792
331
914
577
288
267
891
367
151
947
651
983
194
829
494
591
45
565
634
499
60
516
54
844
595
692
648
624
954
177
475
843
497
763
180
692
915
163
429
42
226
667
872
345
28
906
472
911
328
692
18
513
332
337
954
751
334
633
416
577
960
616
151
839
727
109
162
298
424
529
276
828
793
274
616
102
670
348
670
296
681
394
392
207
725
820
927
515
194
603
199
411
854
430
926
374
699
589
101
413
925
56
385
241
228
358
925
503
804
351
459
952
133
71
707
932
109
652
147
694
626
44
798
987
437
345
49
226
582
602
253
655
61
941
93
334
652
504
531
380
769
283
650
923
331
814
788
125
158
415
688
658
680
10
129
764
842
747
945
920
224
510
788
523
618
559
731
64
493
230
338
552
744
413
508
129
215
293
450
241
264
892
587
939
619
251
103
547
443
692
760
400
568
206
944
513
277
230
953
690
708
657
779
581
504
879
393
243
282
905
703
854
379
634
32
921
470
520
767
337
626
327
312
647
434
103
237
972
699
660
327
20
571
37
265
191
450
769
628
315
293
79
172
722
90
918
430
80
573
832
348
780
709
591
377
394
429
424
219
497
40
565
50
873
861
339
975
955
989
158
3
249
347
234
756
226
449
260
346
903
13
133
389
841
214
936
970
376
985
123
761
580
622
490
221
145
636
803
670
472
945
592
227
684
321
749
999
270
932
697
96
246
935
480
883
780
19
