771
686
868
581
627
112
214
37
445
327
288
497
182
934
941
592
1
904
683
74
997
315
810
462
588
478
553
176
588
155
446
538
462
835
997
973
746
200
37
189
578
629
365
637
892
254
287
126
529
821
300
788
438
551
987
690
971
96
899
59
124
631
371
320
796
302
608
462
293
833
571
71
267
171
561
203
493
730
955
763
81
939
975
608
958
331
902
1
484
148
315
172
593
658
349
54
48
56
72
16
974
735
753
34
118
262
894
973
995
347
293
188
744
719
189
434
46
656
782
863
786
434
348
56
820
107
7
276
943
675
386
857
675
609
440
962
823
11
142
483
581
293
439
399
138
953
361
837
42
424
76
314
946
855
174
536
295
903
82
788
175
720
233
208
217
977
382
636
47
233
875
461
4
465
825
872
302
237
832
438
508
186
152
907
993
391
827
955
894
842
684
172
238
435
26
269
981
313
572
612
902
397
693
205
63
623
689
297
572
317
810
366
699
634
965
201
599
84
545
847
41
330
710
861
501
995
429
268
473
161
159
269
758
610
967
774
573
451
288
753
95
107
735
355
581
299
714
361
719
996
84
469
94
726
913
87
520
553
686
300
602
199
657
699
460
158
422
597
323
831
123
252
938
656
753
811
49
415
726
140
633
247
840
837
454
395
962
9
399
488
619
71
143
655
219
120
44
166
512
868
767
135
65
673
483
496
314
324
910
451
749
186
85
208
559
662
940
41
164
439
326
90
811
400
656
567
4
652
318
266
461
624
802
562
25
794
274
823
689
604
387
66
999
662
230
93
241
903
218
480
910
194
448
618
595
666
268
424
800
933
470
307
440
307
276
139
167
494
87
927
149
161
718
675
359
91
9
373
789
448
100
806
660
453
534
527
630
647
192
802
197
412
236
273
9
929
521
465
524
337
333
989
474
747
670
796
273
284
718
185
834
170
954
723
135
854
932
565
399
442
702
261
29
948
997
780
990
488
128
465
743
674
874
759
618
275
337
836
386
81
866
436
173
5
653
370
377
442
517
301
479
7
172
304
745
581
702
805
852
118
658
753
703
606
39
196
331
643
218
77
981
207
984
611
248
518
713
260
115
550
219
313
974
310
947
411
11
311
156
995
451
546
263
883
104
824
428
921
529
871
353
401
598
912
133
43
402
596
920
294
546
782
328
96
442
30
676
112
200
531
628
374
607
847
702
393
572
250
728
344
79
303
301
24
177
861
656
857
271
896
209
965
415
230
819
361
502
748
832
395
97
266
792
937
569
939
598
988
763
186
517
641
869
601
1000
130
294
477
130
229
182
673
326
791
547
231
687
50
573
994
363
559
928
260
833
176
880
280
850
807
190
979
254
779
811
498
916
101
136
859
19
729
817
117
489
348
774
286
825
174
864
927
192
51
549
10
829
909
706
244
590
939
896
607
793
837
561
1
252
432
431
876
68
340
178
247
728
289
238
140
221
818
379
666
936
427
606
970
365
665
315
886
296
296
908
493
208
26
171
303
962
784
674
841
421
704
482
821
438
860
9
997
276
34
153
480
889
284
785
171
732
247
82
853
687
959
986
535
906
477
890
24
129
741
392
394
602
24
388
57
690
521
77
407
431
660
219
82
468
729
614
901
253
221
236
811
703
879
712
662
440
563
991
958
337
156
418
555
30
867
895
498
210
722
700
461
171
795
889
143
940
1
439
12
235
707
695
266
327
94
42
760
325
522
952
669
474
650
666
231
805
503
435
710
556
256
76
590
675
589
534
473
324
431
765
997
266
793
135
36
454
563
231
145
678
355
511
695
596
507
777
686
320
833
661
588
20
837
114
841
338
430
794
142
609
931
637
48
699
258
691
364
542
223
906
374
79
31
627
937
320
746
289
125
515
388
979
292
593
572
616
561
280
152
734
40
802
407
831
972
423
54
788
631
509
568
310
748
337
884
334
797
805
51
403
966
415
331
637
859
789
539
742
740
445
851
495
949
798
134
238
128
535
57
469
983
683
871
497
288
184
962
757
951
672
187
290
59
45
280
171
678
903
352
101
794
469
688
684
422
660
634
526
192
512
749
420
738
687
956
308
343
388
27
634
566
366
422
463
315
226
116
134
947
493
749
311
8
616
358
649
846
102
589
583
522
455
967
183
560
627
31
643
839
396
438
85
582
872
207
95
188
668
733
632
469
315
642
563
664
125
675
681
931
829
179
950
200
218
9
301
275
587
397
187
393
155
833
150
680
751
15
143
31
809
48
667
457
803
359
26
219
711
549
870
739
104
972
739
14
680
486
35
115
77
608
234
143
531
931
617
690
235
207
38
664
508
486
862
966
760
247
677
760
587
823
927
638
19
185
27
935
485
795
457
495
426
892
875
634
293
292
246
705
775
823
807
254
801
630
232
382
454
501
541
346
292
704
935
595
594
739
373
454
510
929
451
638
460
554
42
803
672
201
15
764
568
655
635
735
888
666
121
714
448
641
649
679
59
224
168
929
516
674
668
82
226
285
914
230
249
677
649
704
838
728
20
584
921
92
555
931
200
526
127
749
315
188
981
713
826
684
690
531
189
494
560
829
203
528
808
356
548
718
203
644
1
514
570
8
893
834
776
789
374
153
353
646
932
94
739
56
758
464
46
843
165
116
272
315
607
678
988
994
758
276
955
412
217
630
15
44
181
201
720
443
846
390
838
749
584
161
529
463
380
94
260
336
376
147
317
282
821
343
873
269
776
610
18
702
16
684
878
432
632
587
228
785
288
925
299
537
334
238
546
108
138
95
311
813
514
867
981
327
220
519
354
860
261
844
583
720
344
10
193
508
25
551
277
697
882
25
342
422
81
80
73
901
970
392
314
554
793
799
864
798
7
920
18
30
712
539
525
503
66
231
118
990
71
61
662
345
129
638
747
806
270
434
402
609
771
942
132
256
379
994
341
900
238
221
992
952
639
505
359
769
785
29
53
324
800
631
983
159
617
309
86
877
591
304
169
340
68
654
245
758
300
419
56
31
187
271
67
334
50
102
72
905
312
592
378
952
743
888
599
690
392
224
132
173
939
35
880
523
809
448
347
758
361
557
889
841
245
436
829
153
758
877
503
571
852
985
791
351
502
256
510
79
56
635
617
82
610
545
856
643
272
107
61
622
700
275
422
366
83
70
121
678
219
238
9
728
562
552
743
825
394
136
196
721
670
60
385
492
775
148
486
72
788
394
237
81
80
928
205
957
340
960
344
64
613
556
907
202
788
348
973
837
712
215
16
211
537
109
854
911
334
470
3
311
486
263
684
912
571
266
929
65
627
949
517
957
273
527
912
215
827
139
438
876
705
498
610
78
242
26
847
15
551
120
588
623
748
310
917
783
102
282
908
112
790
103
768
663
774
932
177
21
834
474
109
90
116
168
973
287
600
853
245
728
401
311
654
392
120
979
519
508
326
198
863
268
539
552
964
270
266
310
558
379
246
677
262
962
498
428
568
614
807
881
160
90
314
608
379
926
58
995
667
618
148
29
573
30
712
215
256
959
182
799
41
310
968
267
122
608
646
875
898
54
760
859
482
76
91
201
779
408
828
148
733
150
839
546
962
76
934
360
67
966
650
421
597
348
218
38
154
374
877
442
638
388
838
767
126
93
661
378
108
624
622
912
607
486
577
983
519
349
983
993
897
742
665
734
436
400
218
882
943
949
107
58
164
528
70
11
92
608
57
659
576
74
242
352
127
740
446
18
682
881
140
811
253
25
531
935
770
405
718
482
442
943
579
784
715
143
693
394
128
641
498
64
524
315
855
10
203
881
219
318
344
801
572
814
87
193
630
64
743
604
799
161
738
758
882
430
188
304
321
443
362
626
939
287
245
921
927
310
77
781
131
462
441
606
128
600
133
116
442
272
945
517
446
309
470
780
169
23
709
606
414
915
478
917
497
928
704
695
5
541
413
629
544
216
553
863
5
126
776
21
143
321
905
615
16
312
193
276
27
831
765
722
823
765
121
385
28
2
7
168
151
516
419
594
277
593
586
122
79
33
169
525
842
307
192
66
947
245
626
207
242
744
157
824
94
980
654
285
868
31
761
897
619
721
464
759
8
194
92
168
943
850
138
661
39
149
185
646
857
854
495
781
275
968
991
85
330
269
216
768
366
155
166
894
946
518
19
420
123
952
271
894
896
776
909
17
960
76
286
489
971
569
274
130
156
269
434
396
426
615
447
13
35
399
980
543
913
325
291
879
780
395
883
426
467
425
456
696
96
734
131
497
260
592
228
956
64
184
625
292
138
189
957
297
238
661
5
79
310
224
696
701
852
560
571
531
859
447
384
596
306
102
372
223
644
777
431
622
280
479
315
828
744
145
69
533
744
836
721
888
163
202
882
462
188
725
884
799
843
539
210
531
844
216
717
863
472
461
943
629
807
402
322
379
719
194
490
121
140
948
631
439
708
530
653
779
619
503
486
111
917
433
427
30
511
964
276
744
117
770
766
541
170
931
209
20
602
608
469
597
724
409
598
426
122
350
547
128
82
290
677
458
500
59
74
338
337
985
752
647
883
512
377
884
246
165
659
256
158
277
299
6
229
671
982
257
620
972
493
302
598
544
130
553
150
259
529
814
719
501
894
951
463
288
927
497
878
214
115
125
575
467
375
755
456
707
930
821
40
967
888
639
11
978
386
400
511
552
959
856
477
878
390
50
308
321
462
489
707
368
942
269
746
910
585
907
57
557
3
154
408
234
536
312
709
588
240
65
4
190
492
617
123
134
315
88
409
283
631
220
655
194
95
919
559
418
111
553
112
237
139
329
347
929
889
791
75
420
397
413
974
238
109
801
45
960
802
961
766
609
990
563
496
254
196
493
711
988
335
221
346
92
632
379
888
427
891
225
797
859
428
589
92
251
594
521
915
664
500
635
87
41
752
324
67
924
55
68
574
440
28
50
239
128
631
477
110
436
902
566
731
981
589
504
532
607
765
601
723
436
647
177
877
252
357
304
968
193
98
694
97
200
608
710
891
603
863
676
785
537
5
199
439
559
386
647
586
767
175
504
383
978
937
893
444
752
910
374
117
526
342
850
187
209
531
85
241
635
112
608
890
491
314
763
955
646
486
439
187
444
489
862
717
621
90
112
576
462
546
39
580
629
482
161
755
794
292
508
238
193
809
67
196
975
576
584
951
101
879
892
215
167
647
181
117
366
403
90
684
547
986
213
919
666
744
379
475
107
884
446
669
729
286
594
371
796
74
993
777
8
889
865
698
885
466
372
84
998
870
1
680
655
412
477
389
453
27
426
106
44
557
612
739
257
727
714
504
893
780
495
762
668
979
118
870
568
121
971
840
63
279
410
627
920
416
712
971
436
636
902
872
143
201
621
776
247
370
342
457
171
746
98
891
83
782
849
451
606
355
760
590
612
844
457
883
494
623
563
722
547
785
447
912
87
999
728
559
143
838
726
418
274
315
582
690
864
211
507
426
240
758
792
386
319
481
279
159
396
286
244
643
957
187
910
569
194
705
652
332
522
25
23
799
108
689
776
792
710
947
299
996
555
657
946
225
982
171
942
957
176
55
269
547
776
604
317
434
843
627
273
515
889
175
821
182
98
32
11
968
889
50
671
977
221
85
359
734
603
452
913
4
511
145
505
569
643
207
341
328
615
592
688
167
653
769
396
397
693
238
949
136
512
42
313
322
949
208
490
445
821
18
789
541
46
514
446
492
660
506
742
944
800
438
91
934
379
759
804
805
596
325
749
477
516
481
425
177
281
878
874
490
607
718
141
584
196
64
64
940
521
151
647
584
313
673
398
220
241
387
34
347
553
559
67
582
476
662
787
191
962
536
915
646
154
53
16
197
528
148
74
555
982
163
157
164
79
719
447
511
606
884
122
291
63
144
68
186
769
898
519
845
229
429
369
697
945
218
754
520
761
881
238
940
28
562
891
167
426
327
568
827
392
622
966
829
814
956
184
671
736
820
682
331
35
121
284
839
902
450
989
34
860
529
976
878
162
354
59
445
442
327
915
495
711
665
832
259
770
411
56
871
973
117
509
756
110
34
442
130
972
941
934
984
694
703
372
65
444
543
541
787
602
948
632
879
123
814
978
232
913
677
726
686
797
530
755
504
908
124
853
176
765
460
607
365
402
731
956
879
610
968
635
778
899
227
102
829
425
728
937
297
313
550
553
641
597
162
418
370
81
237
995
910
791
136
551
54
677
823
912
148
305
780
488
550
879
989
20
352
535
748
971
696
274
952
908
458
734
559
994
390
882
894
386
728
913
905
82
34
573
10
199
21
793
191
953
771
817
427
301
681
859
872
898
844
486
489
66
457
596
111
344
265
581
436
416
55
260
245
710
659
120
130
78
736
557
835
107
257
55
657
278
710
131
524
46
102
469
711
602
205
619
700
315
805
179
242
595
869
819
591
3
945
793
400
874
675
243
169
862
327
326
401
764
165
689
644
822
379
112
860
714
576
742
754
556
801
671
536
686
956
628
820
189
752
222
417
791
400
46
202
43
640
252
420
172
885
342
206
796
25
40
530
934
603
602
644
922
220
885
49
813
33
416
595
197
797
211
175
614
942
662
215
914
381
35
228
907
869
583
561
2
127
215
827
388
319
262
297
429
193
568
658
686
354
957
244
749
391
845
372
708
346
878
751
435
401
373
444
381
73
441
607
305
407
102
477
293
17
885
211
684
155
975
503
892
727
498
608
350
527
797
274
293
349
876
94
207
303
352
727
887
52
79
15
194
27
469
244
920
716
489
79
531
667
608
420
111
817
250
510
805
510
303
862
58
731
901
465
470
154
962
877
489
408
127
926
6
187
325
51
145
730
483
339
237
451
186
325
264
831
697
334
581
288
264
260
678
520
77
56
259
440
285
679
950
774
637
754
747
587
774
393
606
248
291
20
348
142
412
154
830
740
99
821
228
107
663
955
815
624
329
278
435
351
878
7
697
339
305
649
922
894
998
73
130
982
91
687
929
142
885
20
343
239
985
847
795
901
781
837
322
743
665
290
338
909
33
697
209
825
219
100
620
104
800
903
313
282
7
496
989
738
311
601
782
112
580
871
690
243
343
546
68
411
238
489
807
378
518
95
910
208
383
661
759
174
518
996
708
81
44
492
447
487
166
361
881
745
417
908
95
182
947
101
389
290
74
195
418
293
703
240
960
306
155
556
791
444
996
437
305
247
961
223
396
225
271
419
998
912
551
597
80
577
899
464
399
105
653
992
679
429
655
589
746
641
504
939
606
639
703
861
380
713
524
364
435
688
227
980
976
290
339
997
789
795
633
812
449
831
127
514
716
249
532
383
802
671
983
937
577
81
414
181
996
521
886
649
467
96
968
621
157
399
883
540
544
443
184
250
286
530
560
416
906
306
650
289
256
359
806
539
591
232
102
645
981
102
188
10
839
482
469
909
418
545
700
80
510
487
856
615
118
607
165
400
533
876
660
788
127
525
900
110
635
81
412
713
101
810
638
899
622
415
648
490
94
638
951
477
603
592
226
669
157
775
214
170
726
257
163
626
251
263
844
398
105
194
364
875
600
259
359
888
901
448
269
554
179
860
232
169
27
323
556
825
805
25
372
492
467
42
618
579
299
436
137
300
762
36
270
997
447
153
887
32
117
251
760
899
224
674
819
949
875
394
937
437
163
310
682
935
948
600
949
405
42
294
32
865
433
93
138
242
224
868
765
345
385
595
536
334
855
266
934
390
684
276
28
941
534
672
608
751
982
728
858
992
760
147
327
29
695
959
730
737
175
356
575
460
834
816
324
462
674
596
135
20
126
224
450
535
991
718
981
54
637
961
270
950
903
195
734
175
106
315
349
399
284
314
719
945
88
280
597
829
783
558
37
670
849
66
361
259
433
307
967
130
218
894
622
399
357
647
734
732
959
46
425
10
704
781
565
24
8
989
202
824
361
462
111
782
454
298
359
483
432
699
676
7
79
461
778
817
632
365
888
251
67
728
767
899
767
947
536
960
979
523
846
899
932
458
760
939
811
931
447
834
988
370
171
824
588
962
490
254
679
915
618
323
491
408
84
592
880
554
300
898
795
776
599
558
300
548
992
484
685
481
747
212
249
98
709
856
790
743
105
521
847
844
378
273
126
692
556
9
417
440
785
830
590
143
594
727
429
211
266
994
481
828
604
818
956
651
628
647
63
939
899
695
311
344
77
520
609
728
1
170
464
362
953
933
959
207
160
572
593
699
306
394
337
129
87
549
318
993
724
573
718
977
427
914
898
836
48
360
296
630
137
375
865
251
30
1000
606
245
439
736
558
439
604
181
809
820
488
756
405
726
155
510
669
153
63
338
446
758
131
902
221
379
423
973
178
883
552
322
900
543
463
808
361
972
556
770
681
206
835
866
42
615
274
747
488
793
525
598
221
365
298
852
974
624
893
981
647
799
405
483
64
803
352
850
992
485
357
55
915
705
439
969
724
657
515
878
61
472
312
195
152
902
71
959
700
13
5
854
468
837
221
806
249
999
938
554
913
636
781
568
192
907
515
999
378
207
730
314
118
889
694
940
418
816
805
361
914
289
166
456
243
2
616
662
661
681
851
38
681
572
691
896
267
69
314
790
499
438
169
265
684
817
706
577
995
462
494
274
656
408
300
606
792
971
774
600
450
154
212
701
957
636
892
217
684
316
26
821
433
89
936
391
588
240
654
367
482
402
334
268
768
241
962
924
275
224
253
247
240
429
826
618
194
809
986
149
854
239
417
323
435
328
99
672
50
201
500
276
420
597
50
887
859
86
178
14
590
708
759
214
967
485
63
179
339
881
43
356
641
828
45
791
52
297
273
914
606
503
737
113
885
530
6
163
263
39
683
29
500
481
279
591
288
920
7
565
369
372
22
688
555
766
792
247
200
367
720
126
430
17
72
711
803
911
913
630
132
63
778
743
626
730
204
795
975
421
246
481
669
853
946
129
697
81
104
132
516
482
446
799
529
669
484
333
259
974
265
790
498
321
617
7
63
921
907
832
914
680
778
694
199
453
789
2
556
434
59
442
840
619
742
936
326
746
873
434
522
653
470
184
227
412
16
751
63
432
543
611
437
82
284
74
730
347
653
482
383
327
104
371
378
482
796
692
850
513
856
466
265
630
563
542
394
421
138
293
8
933
610
892
421
401
554
597
507
588
133
762
652
352
313
275
150
335
834
234
70
495
123
403
92
721
343
567
655
653
701
302
86
634
267
895
301
716
331
365
593
906
265
950
739
5
851
696
563
338
333
78
459
658
572
403
935
361
948
31
442
701
703
511
613
747
802
337
565
856
590
509
854
684
107
502
20
443
908
45
946
181
370
206
96
433
278
101
499
240
350
559
549
422
386
381
281
180
128
16
754
505
723
762
269
194
65
426
703
978
552
44
583
279
543
444
118
380
765
919
693
971
127
647
387
563
199
394
341
357
374
116
502
817
344
499
119
576
516
356
864
345
457
239
772
274
526
532
874
938
49
979
633
73
212
360
427
759
916
630
956
756
527
851
817
133
761
618
398
842
39
97
949
397
533
904
341
664
728
224
556
456
611
544
519
287
880
937
807
970
525
113
651
191
857
943
104
297
800
442
493
30
573
573
742
77
788
194
531
925
987
976
305
754
207
862
658
103
581
964
845
754
704
247
40
463
118
162
420
667
974
280
532
931
167
790
103
884
523
975
757
723
3
206
261
80
736
823
344
137
666
831
674
140
379
679
516
979
268
867
374
137
83
739
373
381
303
295
260
464
988
386
944
168
926
755
857
603
108
456
655
58
22
290
932
515
876
379
885
535
893
103
213
702
362
2
385
321
394
182
210
594
595
173
934
57
202
509
760
147
932
422
57
675
280
781
963
689
499
100
288
539
12
283
590
173
171
677
570
552
968
629
325
522
865
995
839
348
750
940
669
482
287
596
337
960
443
962
677
707
958
940
834
156
831
465
299
524
832
540
260
355
187
351
190
836
385
10
310
837
282
782
532
154
526
284
715
735
450
183
136
273
636
807
668
287
143
246
692
72
499
986
905
576
767
747
696
678
283
582
619
815
16
215
988
818
633
683
809
280
665
30
545
529
874
188
932
977
332
624
528
460
359
335
84
391
240
487
701
138
827
931
829
485
660
457
419
35
927
44
477
386
535
999
903
15
781
486
391
824
875
999
196
870
308
412
817
369
427
92
668
732
301
338
735
986
699
90
471
636
526
142
276
988
795
934
349
210
681
356
439
909
834
392
734
291
293
297
25
918
687
235
498
791
381
219
723
773
694
620
763
512
330
2
581
172
195
151
506
18
472
47
443
164
573
819
86
233
247
352
410
115
408
676
544
358
662
679
132
440
938
571
578
765
247
694
295
571
635
399
249
936
449
532
635
669
440
173
695
925
371
639
890
483
630
466
110
114
108
446
939
634
930
63
307
950
11
168
756
834
606
518
943
742
702
745
874
965
982
919
284
59
821
180
35
772
541
332
579
855
643
421
546
183
237
206
260
943
642
830
389
169
741
873
356
179
997
960
156
929
425
224
137
261
545
83
599
30
455
333
944
304
429
662
382
137
97
306
824
628
206
981
438
836
540
26
7
787
448
289
864
657
285
645
264
175
369
538
927
750
148
3
128
917
673
114
961
120
493
362
471
59
331
265
246
948
33
907
369
663
954
95
686
413
112
492
462
878
661
278
658
646
898
883
336
428
804
924
867
500
585
925
167
375
260
831
71
282
556
619
410
259
417
383
97
132
610
657
841
500
308
170
49
226
367
568
570
779
591
111
641
73
366
288
742
67
758
241
231
12
133
210
215
906
278
98
783
668
613
344
691
234
309
358
217
678
737
11
356
240
928
763
380
686
699
591
963
782
539
95
887
258
464
331
757
803
804
877
88
668
503
336
589
352
207
263
99
151
322
595
154
63
8
775
683
121
720
162
121
682
145
58
135
15
190
71
38
308
516
394
996
440
152
779
742
88
471
293
407
431
872
708
15
25
237
599
927
335
444
100
716
722
783
943
48
801
467
280
45
788
900
776
838
345
192
379
257
22
294
241
203
349
538
125
193
489
408
735
300
808
914
766
335
720
34
616
113
51
56
27
956
526
757
590
739
320
849
494
115
813
667
382
719
419
56
585
299
410
587
316
148
992
108
335
38
923
374
990
544
564
188
216
486
220
937
278
954
815
350
22
342
385
94
970
191
165
508
509
52
368
585
995
436
696
17
153
900
47
30
575
341
220
904
684
372
402
205
238
885
922
782
242
584
202
128
688
911
751
823
226
387
419
936
106
532
622
281
198
409
363
162
894
441
671
211
472
50
496
270
685
748
392
559
733
612
582
71
375
34
407
658
576
976
442
778
570
22
513
408
220
231
439
920
320
285
364
500
814
235
23
302
299
826
137
815
862
553
19
508
714
698
894
702
938
11
820
35
517
654
755
280
604
889
644
787
492
404
878
709
827
11
96
544
857
265
776
638
726
895
768
207
44
154
719
129
221
454
466
90
507
77
167
748
335
306
819
983
969
577
234
293
674
574
200
959
337
150
329
114
772
793
588
80
193
776
354
839
134
699
191
397
339
923
839
630
866
217
65
679
536
518
256
853
824
17
475
945
459
850
536
435
25
505
877
909
286
133
1
318
531
830
674
914
757
169
965
349
599
732
871
334
464
167
467
457
128
640
897
428
176
295
59
61
27
551
564
305
755
672
940
486
519
790
572
767
921
211
609
466
617
204
678
18
227
915
769
534
69
200
13
967
833
446
991
795
489
131
213
832
324
739
160
732
54
715
122
985
594
270
433
931
508
65
660
450
148
776
532
88
901
869
57
641
890
348
667
455
447
18
862
938
479
570
993
405
220
867
690
172
10
170
207
902
710
132
426
662
323
598
211
190
209
714
253
271
482
221
355
638
750
493
618
320
303
142
845
289
909
114
614
284
509
539
53
438
219
919
692
116
360
307
303
562
797
470
792
419
740
358
950
751
20
756
912
348
72
856
95
550
916
523
52
441
692
262
896
460
233
196
850
742
663
108
837
455
651
905
111
604
17
92
906
548
645
236
621
79
646
177
619
971
670
332
458
25
524
990
724
397
591
574
508
146
291
502
142
407
594
810
471
675
758
183
620
770
422
439
489
217
833
502
103
365
821
123
650
737
711
106
959
424
561
99
484
154
309
131
344
664
517
797
577
67
249
909
890
990
324
988
614
653
602
798
611
378
175
60
153
384
14
966
319
956
29
398
278
362
781
446
58
48
531
767
615
933
782
755
327
522
646
512
663
232
983
86
413
986
486
612
12
769
742
218
398
263
79
221
485
516
840
414
403
953
336
134
696
923
488
506
5
189
780
611
793
838
688
82
807
135
570
575
17
935
615
669
422
703
471
409
989
486
118
859
342
317
378
870
532
26
249
724
433
262
190
215
495
34
373
357
275
265
745
132
804
305
343
660
39
773
691
928
63
688
726
847
554
843
49
759
676
875
331
519
454
180
848
47
524
233
904
542
99
858
43
143
218
778
358
26
834
364
789
880
677
546
899
100
91
35
325
167
999
416
755
694
771
913
311
205
73
588
543
645
599
451
163
765
984
144
828
882
71
478
739
734
817
534
561
347
551
22
737
834
837
34
913
95
851
523
17
130
594
722
38
177
233
716
771
590
873
454
984
260
691
597
280
280
684
812
77
370
807
959
994
426
434
339
455
770
756
993
204
376
709
164
324
810
219
329
462
353
74
506
275
568
28
614
424
646
307
291
431
551
123
131
229
107
94
189
684
542
522
942
638
719
425
249
936
803
762
62
907
656
948
546
306
89
422
368
853
984
54
358
1000
416
381
105
590
147
377
937
701
243
743
327
370
493
201
288
293
430
479
932
837
290
959
724
865
524
53
961
673
66
980
295
950
174
1
879
851
337
99
629
401
929
881
620
894
210
259
5
91
596
300
776
643
180
284
136
564
145
857
31
851
233
755
57
708
185
995
517
539
272
379
513
516
469
155
216
646
607
183
868
528
975
286
950
608
777
64
592
900
510
533
799
656
464
558
744
515
121
269
925
590
540
938
256
912
558
739
685
140
974
425
77
108
973
571
484
645
219
695
246
634
961
727
970
763
526
447
639
308
444
666
823
320
658
506
158
306
106
871
679
827
947
631
514
556
988
627
853
491
20
244
551
102
475
175
326
111
429
719
768
928
757
333
881
526
268
169
46
171
926
109
835
152
856
599
198
798
788
96
172
603
326
268
790
617
687
698
933
121
607
490
530
222
749
259
200
872
28
37
438
66
980
629
657
328
476
17
201
859
68
311
827
612
915
885
246
959
453
889
465
586
12
729
416
119
597
5
940
692
272
754
659
284
536
61
678
923
467
369
918
12
930
694
822
858
111
705
552
521
314
162
320
672
524
608
761
164
495
765
301
839
680
329
539
838
243
20
608
539
227
920
936
489
698
517
286
10
293
667
156
226
878
606
647
70
219
780
630
71
658
520
948
21
729
399
688
74
759
51
643
501
531
739
275
239
760
961
167
379
97
935
803
731
795
574
362
162
887
902
759
362
497
659
289
144
309
348
140
217
556
52
418
712
880
602
465
816
323
377
139
654
26
234
979
944
982
67
196
424
538
464
626
503
792
711
570
158
626
926
984
724
188
861
130
744
48
650
60
920
172
89
305
672
205
975
40
492
641
406
58
631
215
630
395
797
880
781
703
421
644
79
381
438
407
274
232
738
880
773
36
555
589
247
399
807
302
490
782
450
834
677
87
981
567
208
96
63
26
335
557
846
627
600
211
254
652
329
524
125
453
993
400
62
293
553
741
319
494
629
754
694
137
907
379
530
989
959
818
424
818
445
381
708
239
176
239
284
41
552
943
788
242
696
16
769
332
323
766
385
219
564
221
163
400
21
424
4
45
190
202
601
232
567
551
339
990
149
852
788
525
19
264
999
711
219
642
122
557
788
415
84
588
640
126
866
488
277
312
667
501
445
326
566
16
553
936
482
329
804
144
79
446
466
737
700
534
207
157
403
438
976
927
309
863
561
545
843
788
537
2
371
437
634
147
566
404
54
136
391
458
332
858
608
198
144
768
653
343
57
421
461
536
829
999
383
191
993
680
935
637
649
383
28
594
732
654
62
154
756
496
385
289
187
948
399
140
542
31
549
397
761
163
469
594
86
498
777
134
701
831
514
5
357
974
145
775
361
282
544
408
921
357
113
256
156
814
630
660
665
548
286
98
832
316
599
469
659
261
285
692
974
283
854
902
838
753
260
948
848
843
778
474
852
930
25
730
467
592
985
848
977
345
278
317
337
549
286
916
671
786
184
141
56
619
590
376
23
160
507
788
763
935
796
455
345
133
562
208
119
768
458
726
107
440
558
856
912
352
373
103
658
219
867
394
454
182
68
785
802
464
853
626
181
31
130
316
732
773
149
796
166
718
79
394
816
530
948
317
579
191
393
999
344
909
698
30
482
677
403
155
562
950
960
990
837
655
870
864
762
166
80
509
94
438
312
380
996
870
948
255
49
832
689
597
215
536
56
432
191
328
938
848
257
378
734
783
12
222
68
706
876
278
693
140
375
836
696
695
854
295
651
299
945
781
826
737
794
406
131
160
817
31
544
824
949
461
70
523
196
299
976
166
778
342
475
101
61
862
71
883
394
441
351
33
726
354
642
772
678
486
813
76
29
434
144
809
2
97
422
236
957
372
492
268
577
521
979
661
847
88
423
42
603
732
683
62
677
308
349
727
108
253
439
588
308
436
311
916
659
177
646
36
783
2
385
673
40
435
175
584
192
384
883
2
681
283
822
295
391
952
836
891
933
130
349
714
626
834
221
320
220
29
681
287
31
285
114
72
582
11
844
67
485
163
422
864
657
963
396
412
780
903
670
172
320
272
231
703
310
974
863
620
880
308
627
634
302
583
108
799
876
648
56
939
58
250
376
414
166
942
129
756
641
307
116
956
825
153
393
463
738
876
974
724
623
843
379
899
789
909
422
71
908
613
751
581
995
166
709
167
80
635
552
773
55
47
583
762
186
536
574
605
41
271
179
528
736
918
31
825
848
470
371
76
170
672
591
668
451
792
456
895
73
636
809
322
537
867
535
794
587
882
444
94
930
419
527
691
55
341
793
7
55
275
358
782
189
407
694
830
547
913
918
619
911
894
346
997
891
364
783
329
157
740
632
600
241
283
799
587
302
297
226
506
566
69
164
511
542
511
122
156
410
694
781
637
582
975
530
289
197
216
438
567
916
317
282
619
221
173
17
517
3
557
556
74
397
773
573
404
524
393
68
779
765
569
615
589
617
240
792
706
738
139
6
739
811
565
56
324
934
853
687
168
680
80
562
460
666
435
31
443
468
11
594
302
826
916
268
297
93
726
718
621
377
631
518
651
872
332
558
29
221
786
291
58
699
639
648
883
165
667
384
694
305
650
360
913
389
679
753
200
679
792
727
176
104
818
981
752
910
609
460
46
600
782
819
224
733
678
973
412
52
316
315
493
56
95
240
783
869
624
333
272
32
870
248
986
128
533
379
784
915
362
912
120
35
905
931
590
57
883
850
569
461
68
384
741
523
497
831
17
265
142
33
290
894
164
989
132
468
371
658
874
295
273
81
187
761
910
645
518
702
46
891
673
165
503
532
625
965
570
578
938
62
659
100
609
805
33
522
298
661
598
62
892
954
181
74
989
428
759
924
873
964
297
711
902
875
829
36
907
628
573
739
509
865
141
658
593
514
245
974
917
653
111
515
482
69
389
806
787
120
412
799
253
588
37
682
827
700
352
490
285
266
765
585
539
991
770
587
791
549
77
475
850
404
237
542
369
759
770
347
968
356
194
92
314
959
639
209
334
344
895
505
563
790
351
221
823
77
83
310
856
475
325
461
675
575
843
76
260
688
433
324
47
311
427
616
244
845
883
929
563
303
771
508
613
687
84
715
299
234
318
283
251
124
669
279
248
569
52
824
37
268
303
663
626
713
276
997
301
502
133
898
238
68
366
990
213
288
505
631
394
680
131
71
46
554
891
586
532
645
408
262
610
633
760
234
289
23
292
355
650
608
757
885
896
79
526
46
797
315
236
268
143
194
834
746
744
266
114
49
277
658
627
575
201
410
285
835
758
866
417
743
70
959
688
261
736
479
872
323
562
246
135
238
364
689
40
689
261
857
547
461
153
256
392
965
520
121
915
457
905
292
783
56
214
777
697
908
609
545
754
878
894
856
684
408
48
239
14
382
908
304
868
148
310
419
211
768
243
887
298
191
725
957
902
701
814
867
889
231
627
244
443
783
716
245
738
908
843
972
143
857
763
761
460
385
108
456
148
294
381
925
194
656
395
194
32
802
314
747
591
297
816
893
590
816
556
815
39
849
115
152
729
202
739
868
210
729
614
513
960
185
201
660
740
375
977
36
329
651
40
136
239
860
915
8
247
610
985
980
620
949
374
228
569
561
282
873
846
648
724
267
122
151
668
337
618
776
733
737
60
228
467
899
545
58
795
775
510
26
976
243
902
449
63
100
369
514
381
2
718
346
657
170
622
425
678
179
888
160
98
762
895
248
598
77
267
847
685
488
357
214
229
765
397
823
526
103
49
939
615
992
477
983
573
233
118
131
742
139
188
397
336
459
103
171
642
788
373
307
898
725
407
187
52
944
421
597
514
896
186
94
57
48
683
476
928
412
871
711
943
481
435
513
525
470
959
857
306
721
855
308
157
78
749
535
454
793
219
307
732
460
406
252
582
809
51
149
492
892
314
283
65
61
580
837
348
349
42
392
867
26
172
831
13
467
832
901
508
839
568
774
313
108
695
742
397
347
55
375
367
285
915
661
426
626
601
981
765
719
881
11
572
972
534
63
565
229
441
99
128
802
255
500
523
20
878
461
980
570
875
242
118
152
60
201
869
771
932
81
70
978
522
788
310
119
486
416
916
160
204
151
958
749
207
666
220
450
941
582
148
630
185
83
214
527
667
459
216
221
891
302
251
897
120
666
328
327
826
551
645
846
595
331
212
626
264
976
162
795
925
467
614
411
970
654
772
416
150
495
849
678
446
498
157
698
205
678
125
596
773
580
684
428
277
979
965
729
725
645
86
528
852
210
827
207
476
300
345
928
31
721
377
589
330
865
855
549
44
534
826
567
220
324
66
374
259
261
473
95
64
817
69
298
788
457
911
551
430
400
64
717
720
742
690
261
10
351
897
744
294
185
163
76
437
272
238
147
471
729
392
157
142
905
353
160
872
804
735
493
402
863
181
926
823
687
470
888
983
33
825
660
449
574
798
633
790
60
390
421
665
635
886
612
616
878
767
751
116
205
117
842
382
455
74
26
962
159
934
237
76
673
85
63
696
3
157
275
316
715
572
516
578
5
353
545
93
273
591
5
31
377
166
307
270
308
585
539
791
373
753
653
552
851
426
575
769
540
985
106
302
380
473
223
321
227
22
16
784
19
903
197
610
523
707
354
759
506
766
363
926
902
552
522
180
609
728
876
474
753
182
22
130
861
797
188
172
676
400
936
477
403
191
338
441
138
981
440
804
818
232
642
258
125
408
68
110
530
212
26
995
745
983
952
472
988
853
310
952
114
118
1
304
370
121
712
958
323
789
672
110
724
883
1
102
371
915
999
171
173
104
607
412
256
202
188
884
632
623
659
178
626
877
179
646
885
251
587
487
840
52
740
555
430
780
397
358
660
395
179
55
248
902
983
485
145
512
994
763
967
930
237
98
410
132
755
349
450
200
737
204
769
242
614
346
723
118
181
194
361
405
226
670
958
432
804
799
996
212
330
763
757
962
570
609
366
344
600
526
485
656
39
190
929
583
16
294
46
795
712
537
587
211
414
516
839
660
482
853
482
273
732
970
376
239
243
19
983
803
564
389
653
994
714
103
448
693
333
922
633
933
426
301
890
18
149
960
715
307
829
808
910
643
629
119
919
624
258
952
47
21
89
518
879
403
562
599
76
392
355
245
109
113
268
267
937
187
508
148
921
930
137
872
13
723
879
388
247
112
847
660
780
359
185
11
86
330
301
507
387
938
160
780
178
806
563
471
360
372
383
257
973
661
506
199
105
889
363
454
65
851
280
912
60
616
564
669
336
38
286
932
800
332
738
568
17
426
30
785
981
690
780
598
285
747
694
443
420
151
541
197
750
716
705
737
657
892
492
342
963
125
209
155
808
68
491
599
366
689
857
901
952
901
7
42
871
445
443
331
940
713
939
531
22
821
288
868
861
551
458
851
348
239
51
135
579
905
772
705
423
958
756
367
551
222
256
736
316
423
749
354
447
34
729
622
126
216
309
31
202
68
1
637
803
395
263
284
714
195
581
248
936
565
880
993
947
479
125
65
387
559
923
935
825
184
394
913
535
452
286
623
182
928
714
833
497
964
844
114
937
689
308
861
949
682
564
150
987
816
913
684
304
732
277
616
295
519
739
745
404
161
23
106
932
616
634
7
215
82
162
92
135
72
269
41
745
945
222
601
437
174
195
190
930
491
797
185
228
850
495
986
173
951
383
448
360
145
817
182
833
407
422
534
431
3
665
257
592
358
549
781
559
302
461
921
887
880
971
753
16
993
456
521
89
786
718
546
745
688
612
83
378
405
688
406
555
619
418
845
552
814
316
860
218
116
86
155
803
965
197
779
27
114
187
926
550
32
877
951
483
433
620
231
701
981
164
631
642
637
988
387
262
458
115
359
786
306
731
646
840
521
382
620
605
536
731
377
122
367
811
898
347
16
29
850
940
763
966
493
555
653
974
904
26
575
730
152
50
535
40
500
211
476
655
49
859
40
641
507
578
880
185
202
132
823
736
894
160
423
629
597
296
783
382
985
206
780
846
462
680
798
236
753
921
995
883
504
6
16
96
787
554
720
229
13
121
633
16
941
1000
379
896
591
836
483
60
461
319
911
898
652
247
235
549
393
755
393
266
347
935
374
483
239
532
211
296
532
508
500
912
731
900
805
448
236
68
285
432
456
980
927
598
584
114
400
943
215
171
347
621
436
416
286
906
683
105
84
14
919
368
423
576
187
23
659
459
200
197
694
748
544
526
407
557
731
294
785
76
472
400
912
429
946
405
243
873
494
424
553
249
258
210
581
836
853
644
986
979
683
786
349
781
47
353
357
130
983
416
407
783
434
577
651
34
405
959
596
934
938
756
539
825
11
747
104
49
186
473
10
859
474
150
246
57
206
466
461
352
442
330
573
993
718
361
573
381
373
425
744
361
627
853
121
175
951
978
253
285
839
803
370
363
272
260
995
47
677
502
114
462
719
961
529
936
990
466
364
91
845
414
758
555
477
267
136
78
847
338
674
105
588
115
250
415
716
870
816
233
347
961
302
155
745
283
329
2
564
445
162
704
545
255
394
245
583
53
603
40
863
344
113
594
631
782
737
792
649
912
607
737
714
690
920
970
329
95
807
683
174
482
940
139
660
195
627
621
441
659
448
852
708
429
621
642
888
994
729
506
49
109
859
916
672
463
962
80
386
17
592
569
13
590
361
26
979
133
551
864
683
35
441
440
767
1000
258
886
50
332
730
499
547
225
123
486
875
642
449
138
142
983
972
429
757
559
757
976
42
352
477
175
356
889
70
93
206
616
274
748
306
766
253
672
132
943
445
358
170
500
453
67
888
908
783
472
797
876
673
71
125
426
783
590
473
34
181
932
591
507
219
953
363
459
831
791
442
625
956
664
267
724
562
973
301
498
284
75
112
76
997
600
789
862
828
937
36
140
726
873
375
217
577
26
44
934
402
785
243
609
894
630
925
996
151
25
912
148
90
716
176
160
479
949
742
673
71
307
937
857
891
589
163
177
748
946
658
544
598
235
820
789
590
437
550
353
996
365
967
25
778
441
631
315
922
224
375
309
38
606
836
589
364
140
117
982
542
87
257
210
315
904
521
163
144
65
855
975
930
410
902
485
470
168
83
634
311
467
212
2
798
369
16
715
219
689
247
267
133
345
755
890
711
247
452
932
616
259
632
696
404
194
308
693
631
250
44
532
177
522
872
614
272
855
158
260
671
226
826
325
489
764
738
637
250
735
340
303
128
11
925
911
383
702
673
128
201
903
892
378
251
603
626
20
820
518
910
119
947
928
95
416
323
847
948
730
684
642
316
733
158
761
92
968
609
895
195
989
242
224
402
781
840
410
403
772
250
866
683
978
186
217
313
753
368
605
384
551
386
666
15
814
350
716
959
508
667
430
850
655
505
369
686
100
48
870
652
611
422
504
165
94
686
143
529
4
426
225
660
504
601
201
138
24
940
696
555
296
43
854
597
19
934
10
641
789
527
292
629
426
547
191
745
213
101
897
823
883
89
701
171
834
729
776
764
58
610
899
517
507
256
972
582
969
42
189
520
641
341
649
356
851
543
674
257
122
41
888
754
803
442
76
155
248
80
854
158
617
529
192
760
615
153
455
683
282
625
942
567
694
979
900
649
983
164
510
628
801
418
55
520
135
367
697
130
786
51
816
867
197
608
997
43
139
223
584
672
724
505
645
37
194
750
309
750
853
100
598
721
569
236
911
951
517
708
799
200
107
619
23
38
116
819
377
230
369
175
775
331
316
725
585
778
360
185
574
484
422
318
973
259
568
353
313
10
669
886
422
859
948
377
204
180
307
851
526
829
107
618
567
261
3
288
822
896
996
9
733
85
634
806
830
568
261
785
170
275
5
398
27
855
205
861
57
224
46
751
699
919
909
806
1000
801
323
26
733
473
393
861
58
385
142
46
698
914
384
244
908
703
896
948
937
997
397
660
823
623
701
490
509
780
41
902
733
616
756
285
207
653
929
805
351
271
745
723
857
919
270
689
618
72
189
336
312
421
88
560
668
116
316
981
886
23
864
245
434
136
216
775
88
401
591
197
697
593
465
242
413
771
36
608
80
416
986
843
53
728
115
486
869
17
819
784
194
913
684
889
713
485
834
91
26
336
487
226
555
682
835
896
438
400
441
310
447
965
463
496
22
193
899
390
103
350
179
250
641
976
921
54
904
190
993
327
228
944
811
925
719
880
866
358
137
806
682
432
948
952
33
277
68
827
397
582
344
972
604
668
864
421
74
872
695
842
677
702
896
588
326
995
208
287
834
771
201
765
616
965
504
479
586
980
350
262
590
746
82
375
88
319
454
162
60
445
286
200
510
20
831
201
427
734
527
270
768
955
118
25
423
65
126
93
233
212
610
395
727
962
751
79
868
363
798
787
332
950
829
630
296
618
989
345
240
1
910
628
787
749
617
184
844
716
652
613
874
793
725
410
998
624
354
183
321
256
942
893
989
953
875
163
147
650
791
73
245
11
233
255
913
368
39
651
817
84
12
366
413
417
464
467
549
533
508
782
290
551
575
204
556
215
550
70
861
209
239
381
288
751
319
108
807
253
504
40
625
388
309
333
932
468
1
726
400
23
638
440
592
618
455
50
720
741
405
52
949
878
828
449
885
854
648
507
77
363
232
861
635
732
157
950
401
612
799
687
1
503
986
8
41
104
604
47
422
356
698
363
325
678
584
241
375
205
259
848
428
657
532
938
334
361
747
864
23
850
808
543
434
603
336
779
97
452
762
626
2
18
457
222
372
442
61
365
377
302
919
478
181
298
830
619
664
617
262
873
6
366
592
925
459
425
655
765
380
455
644
736
634
783
35
101
42
161
836
560
173
939
543
831
318
233
702
520
287
28
153
784
519
417
109
632
127
581
185
495
336
207
106
154
874
725
4
811
246
886
840
356
316
155
389
306
822
280
852
196
356
346
586
457
39
381
547
69
214
772
631
809
22
12
399
210
588
823
750
930
525
539
668
872
182
700
189
200
771
530
5
956
878
873
495
532
33
751
759
584
371
492
528
449
143
653
675
750
306
805
300
275
271
764
319
358
676
34
151
422
213
761
644
840
208
439
733
105
445
491
695
931
156
53
609
243
559
679
467
659
809
857
711
264
297
186
600
779
96
410
632
766
516
47
441
782
992
850
60
767
725
755
202
324
598
978
452
497
972
764
980
203
32
159
720
778
645
339
655
46
868
103
947
380
135
313
899
781
194
174
894
771
793
214
194
647
112
506
685
158
374
809
910
161
738
556
188
691
300
633
236
490
759
621
248
654
331
120
657
948
842
147
688
665
511
435
384
843
251
292
561
627
450
865
954
817
721
123
83
840
351
906
578
52
216
147
417
878
93
930
936
266
36
467
585
727
334
64
892
829
373
766
438
519
561
246
129
611
614
235
858
116
883
389
300
753
266
526
230
57
828
116
542
625
1
164
10
754
704
357
671
91
823
424
102
98
107
619
201
424
810
329
274
819
207
655
577
564
315
146
131
843
475
232
782
683
162
142
669
659
644
187
823
614
933
662
250
47
38
719
244
146
44
809
841
230
748
282
339
330
67
78
495
377
417
620
664
636
341
745
696
587
883
958
861
321
664
906
686
1000
500
273
694
996
211
416
163
250
394
341
929
453
527
502
811
805
118
619
773
285
270
467
372
480
439
256
142
267
349
253
18
451
905
658
144
259
792
728
824
937
192
527
281
409
240
358
165
3
407
280
178
586
722
722
509
326
455
297
684
925
292
476
392
319
401
878
954
5
602
786
639
118
711
98
585
848
231
196
